bslog->strings:
name
00000000 00000000 00000000 00000000 00000000 00000000 00000000 00000000
file
00000000 00000000 00000000 00000000 00000000 00000000 00000000 00000000
line								col
00000000 00000000 00000000 00000000 00000000 00000000 00000000 00000000
cstr								
hello0wo rld00000 00000000 00000000 00000000 00000000 00000000 00000000

bslog->logs:
offset								offset
00000000 00000000 00000000 00000000 00000000 00000000 00000000 00000000
offset								offset
00000000 00000000 00000000 00000000 00000000 00000000 00000000 00000000
offset								offset
00000000 00000000 00000000 00000000 00000000 00000000 00000000 00000000
offset								offset
00000000 00000000 00000000 00000000 00000000 00000000 00000000 00000000