strings:
u32_len								u32_hash
00000000 00000000 00000000 00000000 00000000 00000000 00000000 00000000
u8*_cstr
00000000 00000000 00000000 00000000 00000000 00000000 00000000 00000000
00000000 00000000 00000000 00000000 00000000 00000000 00000000 00000000
00000000 00000000 00000000 00000000 00000000 00000000 00000000 00000000

interns:
u32_offset							u32_offset
00000000 00000000 00000000 00000000 00000000 00000000 00000000 00000000
u32_offset							u32_offset
00000000 00000000 00000000 00000000 00000000 00000000 00000000 00000000
u32_offset							u32_offset
00000000 00000000 00000000 00000000 00000000 00000000 00000000 00000000
u32_offset							u32_offset
00000000 00000000 00000000 00000000 00000000 00000000 00000000 00000000